1.533,11.647,1
2.7342,9.5877,1
7.4712,7.184,1
3.2114,10.538,1
1.055,12.261,1
3.2189,10.097,1
5.1782,14.851,1
5.963,13.644,1
7.4084,8.196,1
1.6605,10.875,1
-0.28693,14.972,1
1.5133,11.51,1
1.7664,10.903,1
2.8646,10.306,1
6.46,10.969,1
6.2782,12.554,1
6.9222,10.571,1
-1.468,11.992,1
2.1089,9.3,1
-0.14269,13.689,1
5.6737,14.191,1
6.9521,9.9625,1
2.3269,8.4695,1
2.9505,9.6205,1
-0.93111,13.377,1
5.4994,14.419,1
4.226,12.9,1
6.8837,10.274,1
5.2317,14.302,1
7.4936,7.7976,1
1.2453,12.325,1
7.1186,9.0296,1
5.7072,13.716,1
2.3152,8.2874,1
4.5851,14.026,1
7.292,8.6739,1
0.14533,14.237,1
1.4035,12.665,1
-2.1139,9.068,1
-0.67226,13.05,1
0.44156,13.051,1
4.5038,13.281,1
1.6029,11.672,1
6.8538,10.234,1
-1.5125,11.275,1
-1.7353,10.73,1
-1.7218,11.201,1
4.4031,12.934,1
2.0084,10.403,1
3.9617,13.027,1
-1.4929,11.877,1
2.0399,10.008,1
1.159,12.334,1
2.1322,9.4945,1
-1.4717,11.522,1
4.9887,13.89,1
2.5926,8.3357,1
1.6306,10.955,1
6.7362,12.29,1
-0.85924,12.716,1
7.1972,8.9827,1
1.7082,12.174,1
1.8631,10.275,1
0.047493,14.651,1
6.1142,13.095,1
5.415,13.122,1
5.6191,13.034,1
1.033,12.593,1
5.5019,14.21,1
5.7054,14.308,1
1.3076,12.234,1
6.4627,11.88,1
2.8704,9.4965,1
6.5745,11.762,1
1.2377,11.921,1
7.315,8.3237,1
6.421,12.088,1
2.9318,9.8271,1
-0.077201,14.253,1
1.5871,10.992,1
-0.44711,13.419,1
1.3792,11.656,1
-1.6368,11.182,1
-2.4652,8.162,1
2.9242,9.6934,1
5.347,13.688,1
2.4432,8.0666,1
0.42199,13.667,1
-1.014,12.351,1
7.3946,8.8433,1
1.9029,10.149,1
0.85557,13.382,1
6.6553,10.821,1
1.3957,12.192,1
-1.0438,13.23,1
1.029,13.617,1
1.8592,10.475,1
4.3495,13.488,1
-1.5821,11.563,1
-2.2316,9.263,1
-2.4536,8.0406,1
5.4706,14.085,1
7.4485,7.823,1
-2.0773,9.8758,1
4.1921,13.726,1
3.7583,12.656,1
7.1781,9.3154,1
1.5214,11.962,1
1.699,11.929,1
-2.2275,8.7101,1
7.0294,9.2959,1
6.0664,13.205,1
5.6519,12.913,1
6.676,11.462,1
3.5538,12.533,1
5.1231,13.977,1
-0.38919,13.68,1
6.559,11.449,1
1.8715,9.8199,1
-0.7362,13.182,1
6.3315,11.88,1
3.5153,11.655,1
2.537,8.4161,1
-2.1234,10.083,1
3.9798,12.456,1
5.2969,13.164,1
-1.404,12.422,1
0.20896,13.996,1
6.9042,10.658,1
2.9944,10.195,1
-1.413,11.454,1
1.3177,12.389,1
2.3194,9.9967,1
-2.4511,7.6861,1
1.1657,12.599,1
1.1109,13.075,1
-1.3282,12.216,1
1.4289,11.804,1
-0.39947,13.854,1
-1.015,13.751,1
6.7627,10.486,1
-0.68365,13.065,1
-2.3496,8.3508,1
4.0055,13.027,1
5.8392,13.469,1
6.8037,10.963,1
-0.35819,13.571,1
6.387,12.214,1
1.4462,11.911,1
-1.9431,9.9318,1
-0.48904,13.595,1
0.67637,13.442,1
3.9614,12.786,1
3.3426,10.52,1
2.4221,8.6379,1
5.269,13.582,1
-1.8173,10.34,1
1.3353,12.485,1
0.855,13.619,1
5.3256,13.707,1
4.9625,13.88,1
1.7148,10.669,1
5.0944,13.942,1
4.5929,14.106,1
7.0415,9.356,1
4.857,14.513,1
5.462,14.781,1
4.6663,13.891,1
1.2447,12.482,1
7.0637,10.516,1
6.4274,11.536,1
6.1243,12.485,1
4.6929,13.775,1
6.2645,12.015,1
1.4166,12.036,1
-1.0634,12.47,1
6.8399,10.195,1
4.2144,14.323,1
0.19957,13.799,1
-0.23933,13.299,1
-0.32973,14.547,1
1.2984,13.104,1
2.8001,8.9956,1
-0.14987,14.46,1
-2.301,8.3336,1
5.7072,12.936,1
-1.2509,11.905,1
5.8309,13.298,1
0.094269,13.369,1
0.50413,12.951,1
4.4271,14.38,1
6.7863,10.874,1
-0.92792,13.452,1
1.5471,12.832,1
-0.035428,14.579,1
5.0984,14.437,1
3.9666,12.896,1
-1.3212,13.316,1
0.42928,13.797,1
-2.3144,8.7181,1
1.135,12.481,1
5.5598,14.288,1
5.8662,13.31,1
0.33264,13.781,1
0.24371,13.267,1
6.9562,10.759,1
6.6595,11.118,1
2.3269,8.8561,1
1.5502,11.424,1
-1.8792,10.782,1
1.0238,12.338,1
2.5253,7.0247,1
-0.023831,13.811,1
3.9262,13.225,1
1.6209,11.165,1
-1.0327,12.632,1
2.1816,9.0202,1
4.4365,13.629,1
0.83546,13.448,1
6.8317,10.673,1
3.0419,11.02,1
0.62677,13.321,1
-1.3365,12.962,1
-2.3699,7.8361,1
5.0582,14.566,1
0.35428,13.983,1
-1.9241,9.5824,1
2.7939,9.3433,1
0.01023,13.916,1
0.31273,13.536,1
-0.89456,13.575,1
3.7718,12.964,1
3.0429,10.766,1
0.05997,15.134,1
1.1676,12.964,1
7.2124,8.9758,1
6.7965,10.552,1
-0.82876,13.337,1
0.31455,13.946,1
-0.72519,13.943,1
-1.7971,10.555,1
4.7665,14.186,1
0.4518,13.808,1
2.8244,8.7804,1
4.8712,13.825,1
0.28372,12.941,1
4.5804,13.852,1
5.3099,13.881,1
7.2063,9.9789,1
5.8154,12.784,1
5.4969,13.169,1
0.79965,13.033,1
0.85688,12.871,1
0.59175,14.078,1
2.8407,9.9577,1
0.71447,13.293,1
5.5332,13.636,1
5.7187,14.006,1
-0.027249,14.446,1
2.6865,8.6385,1
3.2771,10.101,1
4.5767,13.804,1
-1.8361,10.503,1
-1.516,10.846,1
0.48447,13.429,1
-0.71024,13.869,1
-0.97217,12.944,1
-0.66248,13.584,1
2.3425,8.2673,1
7.1779,8.1519,1
-0.96942,12.762,1
-2.2671,8.5184,1
-1.1673,12.82,1
-1.5698,11.863,1
0.4448,13.945,1
6.8316,10.729,1
5.2222,14.131,1
-1.4618,12.008,1
6.9638,9.5735,1
0.32706,14.091,1
3.192,10.891,1
7.4064,8.9415,1
3.0825,10.157,1
5.7135,13.691,1
-0.62296,13.332,1
2.4811,7.778,1
2.6433,8.7229,1
0.34241,13.729,1
7.4101,8.1473,1
5.9903,13.555,1
6.4964,11.499,1
7.0042,9.9889,1
-2.1743,8.9587,1
2.3459,8.5603,1
5.6225,14.363,1
3.019,10.01,1
3.9233,12.377,1
4.902,14.334,1
-2.4919,7.7706,1
7.083,10.044,1
4.3712,13.965,1
2.5714,8.6305,1
4.3076,13.708,1
3.5031,12.154,1
7.367,8.5736,1
6.3897,11.735,1
4.6136,14.073,1
6.7801,9.7758,1
-2.2754,9.4932,1
-2.1076,9.7946,1
1.6733,11.394,1
4.1899,12.839,1
0.016292,13.867,1
-0.63353,13.625,1
3.8273,12.894,1
0.14446,14.478,1
0.8511,12.862,1
5.1596,13.613,1
-0.15586,14.006,1
1.4354,11.519,1
2.1289,10.038,1
6.1141,13.121,1
3.6567,13.172,1
1.4861,11.587,1
0.96456,13.381,1
1.3322,11.646,1
1.6414,11.652,1
-1.9705,10.242,1
5.1245,14.68,1
-1.5621,11.234,1
1.5307,11.435,1
-0.53952,13.94,1
6.3613,12.68,1
1.5218,11.676,1
4.7856,13.446,1
6.1744,13.291,1
4.2819,13.178,1
-0.72793,12.616,1
5.6332,13.751,1
-0.81935,13.669,1
4.6964,14.326,1
4.4607,13.79,1
2.9807,10.249,1
-1.9787,9.7442,1
-2.165,9.3788,1
5.9838,12.805,1
-0.53524,12.827,1
4.0495,12.912,1
0.29676,13.535,1
6.3622,12.046,1
3.403,11.055,1
5.2316,13.519,1
-2.0967,8.9691,1
-0.50714,14.176,1
6.0215,12.646,1
-0.81708,13.166,1
4.3881,13.347,1
6.8482,10.653,1
6.2189,12.805,1
-1.1773,12.651,1
4.7366,13.6,1
6.1729,12.582,1
6.3912,12.154,1
2.1246,9.7731,1
1.2017,11.967,1
4.6174,14.388,1
6.1962,11.667,1
7.201,9.0963,1
-0.46097,13.894,1
-0.33857,13.611,1
1.1437,12.809,1
-2.1637,8.981,1
4.3568,13.563,1
3.2081,10.769,1
0.75293,13.122,1
1.2591,12.233,1
0.37693,13.844,1
-0.93661,13.94,1
3.3682,12.047,1
-1.0983,12.523,1
-1.5696,11.101,1
-1.6883,10.678,1
1.2733,12.115,1
6.1164,12.75,1
0.724,12.931,1
-0.69201,12.807,1
3.879,12.95,1
-1.6243,11.744,1
5.1341,13.84,1
3.297,11.306,1
7.3168,9.0453,1
3.9531,13.105,1
0.011211,14.397,1
2.5644,7.7442,1
-1.9414,10.287,1
-2.1022,9.5305,1
4.5171,13.575,1
2.4584,7.2785,1
-0.44964,13.401,1
5.5023,14.427,1
4.2655,13.86,1
4.8968,13.958,1
-2.3672,7.4206,1
-0.2893,13.908,1
-2.1475,10.163,1
1.6378,11.259,1
0.45249,13.707,1
-1.8333,10.565,1
5.2859,13.658,1
2.0271,9.8947,1
3.6986,12,1
3.4869,12.017,1
3.5956,12.353,1
7.1051,9.624,1
5.029,14.154,1
-1.878,11.263,1
6.5109,11.81,1
3.9066,12.924,1
3.8361,12.07,1
0.92945,12.241,1
0.62862,13.239,1
2.8258,9.1163,1
-0.36506,13.587,1
3.4189,11.463,1
0.25296,13.598,1
5.9825,13.482,1
-1.9657,9.4697,1
-2.3457,8.9302,1
6.1992,13.362,1
0.38067,13.67,1
6.349,11.849,1
7.4144,8.3716,1
0.17707,14.424,1
2.3184,8.7721,1
3.2686,11.426,1
4.6822,13.696,1
-1.9061,10.229,1
5.6971,12.796,1
1.735,11.669,1
5.1605,13.56,1
-0.23034,13.936,1
3.9094,13.051,1
4.376,13.606,1
1.9215,10.317,1
-1.9462,10.106,1
-0.1577,13.46,1
4.7669,12.999,1
2.3004,8.473,1
-1.4714,12.126,1
1.1257,12.576,1
0.824,13.151,1
5.6555,13.932,1
2.6464,7.8986,1
1.3557,12.633,1
-0.82607,13.396,1
-0.26469,13.086,1
-0.67025,13.948,1
1.7898,10.851,1
6.4838,11.882,1
3.6118,11.485,1
-0.14752,14.037,1
-0.30371,13.663,1
3.0408,9.9464,1
3.7838,12.776,1
0.41067,13.897,1
6.7126,11.166,1
1.9646,9.9621,1
4.8435,13.77,1
3.5807,12.42,1
-1.3704,11.594,1
1.3746,11.57,1
4.8876,14.706,1
-0.97876,13.624,1
5.4657,13.192,1
0.21481,14.556,1
-0.21399,13.799,1
1.3895,11.789,1
-2.1529,8.829,1
3.4504,11.645,1
5.1631,14.101,1
5.3933,13.655,1
3.382,12.042,1
0.94496,13.883,1
-2.471,8.3527,1
1.2608,12.544,1
1.8497,10.927,1
2.9327,10.097,1
4.0733,13.296,1
0.37084,14.154,1
3.1917,10.601,1
4.3137,13.813,1
1.838,10.465,1
7.3804,8.2682,1
-0.73665,13.658,1
-1.3521,12.166,1
3.1638,10.493,1
1.829,10.773,1
-2.134,9.6832,1
-0.61843,13.575,1
5.0323,14.243,1
6.8922,10.31,1
-1.3175,12.319,1
-0.33926,13.971,1
3.2947,10.724,1
0.22558,14.496,1
6.0594,12.458,1
1.2187,12.202,1
4.9739,14.153,1
-1.9928,10.064,1
5.5871,13.414,1
4.0589,13.018,1
2.5584,8.8332,1
6.0592,12.704,1
0.10082,13.887,1
5.2873,14.218,1
5.9735,13.435,1
-2.4408,8.6977,1
1.4786,11.573,1
6.9326,10.54,1
1.2015,12.853,1
0.29997,14.319,1
-1.2663,12.547,1
5.6481,13.107,1
1.0528,12.636,1
6.3038,12.119,1
7.3925,7.7807,1
6.6091,10.47,1
7.4308,8.5284,1
6.153,13.043,1
0.8538,12.878,1
1.4881,11.139,1
3.4898,11.89,1
2.1894,9.1039,1
0.75328,12.705,1
-0.70268,13.215,1
2.4231,7.6932,1
-0.98201,12.709,1
-1.5474,11.465,1
-1.8417,10.713,1
4.0488,12.482,1
1.063,12.309,1
1.075,13.751,1
7.0758,9.8787,1
-1.5352,11.19,1
-2.0059,10.077,1
-0.51652,13.494,1
-1.9169,10.718,1
0.11601,14.57,1
4.8933,13.459,1
7.2912,9.2033,1
7.1587,8.4737,1
0.79125,13.846,1
3.2026,10.427,1
2.1509,9.3146,1
0.5634,13.86,1
-1.4068,12.516,1
-2.4432,7.8072,1
5.419,13.688,1
4.3008,13.467,1
1.069,12.856,1
4.8348,13.614,1
4.3375,13.846,1
7.2701,8.5127,1
2.5444,8.3675,1
1.6176,11.693,1
4.2304,13.189,1
4.3587,13.303,1
2.0373,10.623,1
2.8707,9.2674,1
-1.557,11.357,1
4.8374,13.312,1
1.7042,11.686,1
1.6958,10.806,1
1.9105,10.645,1
-2.1349,9.9509,1
0.88259,12.987,1
1.5587,11.304,1
-1.8408,10.281,1
2.9758,10.122,1
1.0479,12.863,1
-2.087,9.6451,1
3.1861,10.501,1
-1.4007,12.136,1
3.6805,12.672,1
6.7088,10.928,1
-2.0034,9.6423,1
1.7882,10.895,1
7.0551,10.86,1
-2.4088,8.3909,1
-0.6579,12.709,1
1.9989,9.6952,1
-1.0624,13.072,1
5.1753,13.699,1
2.2665,8.9459,1
4.3031,13.545,1
5.7162,13.536,1
1.6926,10.87,1
2.1274,9.8548,1
1.3518,11.658,1
3.7133,12.269,1
4.0547,13.414,1
1.4895,11.591,1
5.9094,13.436,1
5.8019,13.606,1
5.6948,13.522,1
-1.2466,12.536,1
2.1831,9.4183,1
-1.2246,13.14,1
1.2424,12.322,1
-2.4486,8.0856,1
5.0997,14.13,1
-0.68442,13.592,1
0.66947,14.095,1
-1.4924,12.316,1
7.2855,8.9819,1
1.1794,12.763,1
3.6075,12.3,1
4.4822,13.349,1
6.327,12.545,1
0.21073,12.902,1
-1.896,10.585,1
1.9265,10.269,1
5.0014,13.245,1
-1.3945,11.458,1
-1.6989,11.258,1
5.6712,13.679,1
1.2644,12.483,1
4.3313,13.687,1
0.062418,13.257,1
0.1606,14.302,1
0.89997,13.031,1
6.0822,12.738,1
-1.1381,12.453,1
-1.1574,12.494,1
3.508,12.11,1
4.9781,14.257,1
3.9008,12.652,1
7.1541,9.4103,1
7.3736,7.5031,1
6.0219,12.26,1
1.1112,12.703,1
6.8326,11.169,1
2.6276,7.5777,1
0.34622,13.141,1
3.0811,9.9137,1
5.8896,13.039,1
4.6903,13.749,1
5.1884,13.53,1
-1.9055,10.504,1
-1.0489,13.173,1
3.7584,13.148,1
2.6445,8.3469,1
0.76341,14.056,1
2.8035,8.848,1
1.8293,10.447,1
2.6605,7.7105,1
-2.0201,9.8644,1
7.1976,9.9522,1
2.369,8.1181,1
5.8136,13.199,1
3.7171,11.611,1
0.99001,13.092,1
2.1077,9.5062,1
-1.4759,11.946,1
-0.048117,13.943,1
1.8575,10.163,1
5.7146,13.676,1
-1.2692,12.196,1
0.078576,14.276,1
2.8995,9.5533,1
0.79095,12.907,1
6.0858,13.525,1
5.5222,12.949,1
-2.1844,10.147,1
0.76356,12.419,1
6.1081,13.01,1
2.3606,8.1828,1
1.8494,9.9461,1
5.583,13.705,1
1.6502,10.955,1
0.45439,13.634,1
-0.35038,13.48,1
6.9058,10.281,1
4.5729,13.366,1
-2.4866,7.6578,1
3.2695,11.181,1
2.5154,7.6906,1
2.733,9.3391,1
-1.115,12.87,1
3.7641,12.847,1
2.3114,8.3783,1
2.9128,9.561,1
2.0669,10.036,1
7.3615,8.6167,1
1.7988,11.177,1
1.6301,11.359,1
5.1426,14.377,1
6.1921,11.938,1
-2.0614,10.029,1
2.2802,9.2792,1
6.0511,12.623,1
2.3798,8.711,1
4.0459,12.986,1
1.0525,13.75,1
5.98,12.801,1
-2.463,7.3872,1
-2.3992,8.5201,1
-2.489,6.7498,1
0.76869,13.245,1
4.7599,13.949,1
4.5567,14.451,1
-2.4047,7.8527,1
-0.2346,13.794,1
5.4053,14.055,1
6.1554,12.383,1
0.96288,12.788,1
0.7408,12.959,1
3.6938,11.609,1
0.97444,13.59,1
1.3787,11.278,1
2.7709,9.0412,1
1.6912,11.55,1
2.7782,8.4859,1
5.2037,13.789,1
1.3608,12.247,1
-0.13072,13.556,1
6.8074,10.727,1
4.7043,14.126,1
1.1301,12.467,1
-2.1109,9.1608,1
-1.4367,11.77,1
0.063803,14.168,1
-0.70029,13.707,1
-1.249,11.85,1
2.7143,8.6473,1
-2.45,8.2877,1
2.7428,9.0193,1
4.0946,13.24,1
7.0527,10.072,1
3.6929,13.017,1
3.6652,12.145,1
1.8182,10.752,1
7.1114,9.9549,1
-1.0178,13.268,1
6.3504,12.568,1
3.9327,13.054,1
-1.5186,11.372,1
5.1486,14.014,1
-0.18521,13.923,1
1.5428,13.083,1
4.5378,13.192,1
3.4052,11.562,1
-1.0043,11.764,1
1.4429,12.474,1
-1.6669,11.339,1
0.83401,13.786,1
1.7159,10.727,1
4.2313,13.153,1
6.7988,10.257,1
-2.3853,8.7577,1
-1.1912,12.36,1
0.6447,13.706,1
-0.067655,14.464,1
2.7472,8.6072,1
5.9688,13.527,1
0.90346,13.396,1
1.1483,12.518,1
4.5475,13.916,1
4.382,13.885,1
6.6106,11.874,1
2.5461,7.42,1
0.99953,12.784,1
-0.3521,13.576,1
3.4035,11.191,1
7.4355,8.0052,1
6.7413,11.59,1
-0.98736,12.301,1
-1.2293,12.406,1
1.2568,12.243,1
-1.503,11.277,1
0.71327,13.382,1
-2.1461,9.3374,1
2.2819,9.3965,1
5.1887,14.177,1
-1.5164,12.211,1
1.1311,12.225,1
5.0012,14.074,1
3.5749,10.864,1
5.1287,14.15,1
2.8221,8.8667,1
5.7529,13.221,1
2.5863,8.8009,1
3.3755,11.392,1
0.61198,13.475,1
1.5282,11.446,1
5.1612,13.86,1
4.3312,13.603,1
2.7457,9.1288,1
5.2848,14.129,1
4.6387,14.011,1
1.3352,12.208,1
-1.1802,12.146,1
7.2099,9.3598,1
1.8126,11.094,1
4.1583,12.887,1
5.3844,13.471,1
3.4171,10.722,1
2.7555,9.1087,1
4.7872,13.395,1
-0.13977,13.947,1
3.7629,12.256,1
6.0769,12.593,1
1.3498,12.118,1
-0.21592,13.63,1
3.2143,11.953,1
2.1737,9.7144,1
1.6753,11.473,1
0.70766,14.077,1
2.3227,8.1568,1
3.979,12.888,1
-1.7355,10.746,1
-1.5709,11.707,1
4.3684,13.867,1
5.3063,14.171,1
-1.7746,11.61,1
-0.44231,14.275,1
1.6441,11.503,1
2.5545,7.8565,1
3.0452,10.253,1
6.4584,12.189,1
6.2472,12.502,1
-1.8683,10.148,1
-1.9857,9.9487,1
6.0254,13.122,1
1.6941,10.378,1
5.9043,13.186,1
-2.4094,7.9938,1
4.0327,13.11,1
5.5716,13.806,1
-1.6723,11.553,1
0.060753,13.755,1
3.4361,11.345,1
0.027319,13.777,1
6.0188,13.269,1
4.4684,14.478,1
4.7302,13.582,1
3.0976,10.492,1
3.5791,12.458,1
2.7296,9.0027,1
5.3361,13.173,1
0.15928,13.878,1
5.6249,13.479,1
-0.61278,13.311,1
5.3599,13.327,1
0.66145,13.1,1
0.27296,14.01,1
4.4746,14.053,1
4.3813,13.944,1
2.4601,7.9438,1
5.8701,14.277,1
0.69428,13.314,1
-2.0526,9.7381,1
5.3791,13.201,1
-0.60182,13.492,1
7.3437,8.6122,1
4.2465,13.652,1
6.6566,11.336,1
6.2908,11.762,1
-0.98796,12.75,1
4.1586,13.471,1
-0.76758,14.124,1
5.1888,13.209,1
0.035055,14.447,1
-2.2086,8.957,1
3.4602,11.713,1
6.7455,11.287,1
-0.96728,13.219,1
0.032328,14.55,1
5.7568,13.753,1
5.4225,13.702,1
-0.039209,14.241,1
-1.0757,12.535,1
-2.375,8.8491,1
2.6993,8.3797,1
3.0278,10.029,1
3.3107,10.818,1
2.3476,8.4236,1
3.6314,11.499,1
-0.26884,14.19,1
-1.3938,11.955,1
0.2704,13.585,1
3.2365,10.876,1
6.874,10.785,1
2.3404,9.4344,1
1.4477,12.64,1
5.3557,13.743,1
4.9008,13.715,1
1.2102,13.293,1
2.4686,7.1876,1
3.0026,9.5628,1
-0.34467,13.785,1
5.5017,14.165,1
-2.197,9.2246,1
-2.2478,9.2053,1
2.2256,9.7453,1
-2.0777,9.9099,1
5.0742,13.776,1
3.0097,9.9778,1
-0.80824,13.977,1
1.2624,11.643,1
-1.7213,10.698,1
4.6741,13.871,1
1.8426,10.743,1
7.2746,9.102,1
-2.3589,8.3351,1
1.2259,11.953,1
4.405,13.186,1
4.2384,13.26,1
3.0024,9.7794,1
0.36215,14.296,1
1.4204,11.758,1
5.8664,13.067,1
7.4395,7.3627,1
1.7623,11.112,1
1.8478,10.508,1
4.9874,13.647,1
-0.099401,13.683,1
2.7909,8.7943,1
6.3893,11.961,1
0.53487,13.041,1
-1.9339,10.236,1
0.74197,13.558,1
0.46553,13.463,1
3.527,11.907,1
0.47806,14.046,1
-1.9682,10.096,1
6.494,11.975,1
-0.80711,13.538,1
-1.2794,11.784,1
-1.3159,12.468,1
2.4876,8.0356,1
5.1257,13.736,1
6.5547,12.178,1
6.8416,10.486,1
4.8429,14.046,1
1.0433,12.807,1
3.7542,12.464,1
-0.3295,13.66,1
-1.3886,11.871,1
6.1075,13.126,1
5.5635,13.843,1
6.7057,11.343,1
-2.4542,7.3742,1
4.0065,12.59,1
5.8152,13.584,1
-1.7969,10.999,1
4.4133,13.492,1
1.5817,12.2,1
6.3966,12.889,1
2.723,9.0273,1
-2.0603,9.9411,1
-0.085876,14.35,1
-1.2367,12.694,1
0.77776,13.967,1
4.8493,13.81,1
3.8999,13.074,1
6.7128,11.496,1
4.1691,12.773,1
3.0357,9.3547,1
0.82393,13.607,1
6.8478,10.771,1
3.893,12.94,1
6.4623,11.991,1
1.6697,10.625,1
1.0331,12.582,1
3.0219,9.7422,1
0.45929,13.696,1
7.1289,10.02,1
3.8569,12.387,1
2.9618,9.4473,1
2.4573,8.6852,1
2.0072,9.2855,1
-1.6485,10.357,1
6.2492,12.574,1
7.147,9.6052,1
-0.0091752,13.685,1
2.084,9.478,1
7.0598,9.3923,1
6.5308,11.982,1
3.3529,11.331,1
4.2447,13.175,1
6.8546,10.594,1
3.19,10.334,1
5.8343,12.581,1
2.7807,8.4002,1
7.1402,9.3969,1
4.1738,13.475,1
5.3273,14.007,1
6.2477,13.325,1
1.9383,10.307,1
-0.45784,13.422,1
2.729,8.4099,1
2.4287,8.0795,1
5.5672,13.714,1
4.8526,13.369,1
-1.1062,12.324,1
3.832,12.015,1
1.7421,10.579,1
6.7722,11.461,1
4.499,13.248,1
1.4967,12.049,1
-2.0104,9.598,1
0.37602,13.519,1
-1.266,12.187,1
2.5586,8.3555,1
3.5508,12.421,1
0.60569,13.821,1
3.7525,12.648,1
-0.38011,13.889,1
-1.1113,12.508,1
2.2467,9.0055,1
-2.0323,9.5695,1
2.5349,7.2668,1
2.2736,9.592,1
-2.1684,9.5532,1
3.527,12.088,1
-0.34064,13.886,1
-1.9672,9.7911,1
-1.0194,12.962,1
6.6542,11.04,1
-2.4899,8.2732,1
3.6833,11.977,1
6.0078,13.07,1
2.2953,9.0803,1
3.0054,10.374,1
-0.40946,13.441,1
5.5125,14.203,1
-0.49296,14.261,1
-1.3352,12.448,1
5.7046,13.823,1
3.6077,12.3,1
-1.3311,11.876,1
5.1485,14.555,1
4.5543,13.638,1
-0.0087464,14.436,1
6.9658,9.8489,1
-2.0329,9.8948,1
0.93831,12.942,1
4.0471,12.926,1
6.5305,11.604,1
5.6616,14.095,1
5.9724,13.532,1
2.4517,8.102,1
1.3753,12.416,1
6.1215,11.615,1
4.804,13.905,1
-1.2301,12.339,1
2.7159,8.5032,1
-0.96161,12.524,1
-0.9176,13.131,1
3.707,12.38,1
-0.85799,12.76,1
6.9524,9.8929,1
-0.74798,13.636,1
5.8469,12.77,1
3.0759,10.617,1
5.9122,13.184,1
-1.1961,12.488,1
0.28942,14.703,1
4.0357,13.454,1
-0.18318,14.265,1
-1.5752,11.928,1
-1.2698,11.879,1
6.415,11.763,1
4.8431,13.88,1
6.6906,11.354,1
4.7246,14.057,1
1.1343,13.168,1
-1.4441,12.005,1
1.839,10.629,1
3.7098,12.066,1
0.47101,14.064,1
7.2855,9.2424,1
5.1007,13.831,1
6.8974,10.026,1
0.35165,14.05,1
-2.3727,8.6359,1
6.4175,12.359,1
0.59952,14.193,1
-0.39221,14.167,1
-0.90497,14.338,1
-1.9941,9.689,1
4.5246,14.102,1
-0.24197,14.137,1
0.79909,13.856,1
0.35708,13.499,1
6.3455,12.595,1
7.1325,9.302,1
-1.9631,9.8077,1
5.9512,13.132,1
-0.19166,14.143,1
3.8759,11.381,1
6.9145,10.454,1
6.8529,10.549,1
3.0461,10.602,1
4.8265,14.41,1
6.9715,10.38,1
6.4296,12.315,1
4.3982,12.874,1
6.5635,11.53,1
-1.4961,11.867,1
3.2521,11.138,1
0.23308,13.87,1
5.534,13.72,1
5.0417,13.928,1
1.5573,11.52,1
1.7622,11.053,1
7.4641,8.0803,1
6.3983,12.536,1
3.6931,12.488,1
3.8268,11.985,1
7.1722,9.8051,1
-0.18015,13.866,1
5.3814,13.921,1
1.7882,10.269,1
-2.1066,10.084,1
1.5394,11.934,1
1.8436,10.963,1
-0.87703,13.107,1
5.3083,13.523,1
0.45879,13.591,1
-1.5262,11.563,1
7.4659,7.5882,1
-1.7282,11.708,1
-1.8565,10.445,1
5.3642,13.83,1
1.2428,11.705,1
-2.4653,8.1755,1
-0.47735,13.709,1
7.3462,8.9427,1
4.583,14.39,1
1.4429,11.821,1
6.4243,12.268,1
6.3875,12.667,1
-1.0243,13.319,1
-1.4396,12.207,1
4.5503,14.432,1
-0.84442,13.215,1
4.5807,13.008,1
3.0543,10.508,1
5.3458,13.713,1
2.5186,8.1666,1
6.4246,11.513,1
3.8963,12.834,1
3.8031,12.371,1
-1.0099,13.51,1
2.891,9.443,1
6.0839,13.245,1
0.67208,13.695,1
0.19222,14.034,1
-2.0445,10.543,1
2.9418,9.7026,1
-1.2708,12.047,1
4.4798,13.397,1
4.0735,12.393,1
5.4674,13.893,1
0.014573,14.017,1
-2.4586,7.9579,1
4.715,13.147,1
-0.19284,14.004,1
0.6267,13.212,1
6.124,13.075,1
1.9929,10.326,1
-2.1638,9.654,1
6.2295,12.538,1
1.7166,11.213,1
-0.038076,14.041,1
4.0124,12.977,1
5.3111,14.075,1
3.9686,11.968,1
0.31052,13.497,1
7.3798,8.4189,1
2.2962,8.6207,1
1.3993,12.549,1
5.5528,14.654,1
6.9741,11.029,1
6.7296,10.994,1
-1.2262,12.626,1
5.6413,13.82,1
4.5961,14.292,1
6.5581,11.992,1
4.2458,13.422,1
1.7857,11.162,1
-2.1227,9.4642,1
0.32336,13.564,1
4.3118,13.613,1
1.4611,11.932,1
2.0726,10.203,1
1.032,12.41,1
2.4785,7.9754,1
5.2307,14.535,1
7.3691,8.3459,1
3.8386,13.185,1
4.932,14.131,1
7.2399,9.4733,1
4.8916,13.455,1
5.0738,14.033,1
0.38225,14.171,1
3.4541,11.768,1
2.1501,9.0742,1
7.1352,8.865,1
1.891,10.733,1
6.5434,11.51,1
1.9342,10.873,1
-1.9666,10.437,1
4.7766,14.523,1
2.4749,8.2516,1
-2.4103,8.3103,1
1.4984,11.319,1
-1.0607,12.619,1
4.1393,13.412,1
-1.7271,11.027,1
-0.035329,13.888,1
4.9864,14.251,1
7.1196,9.5149,1
-1.0194,12.951,1
1.5904,11.544,1
0.95831,12.935,1
3.9407,12.902,1
7.16,8.2153,1
5.1257,13.381,1
0.43659,13.734,1
-0.21797,13.68,1
4.0054,12.907,1
-1.7675,11.133,1
4.4509,12.901,1
3.0809,10.086,1
2.592,8.5333,1
-1.8053,10.639,1
5.9754,13.354,1
6.6558,11.216,1
3.4813,11.029,1
1.7637,10.705,1
5.9749,13.152,1
7.4993,7.775,1
4.6329,14.413,1
2.5563,7.7895,1
-0.84405,12.843,1
6.275,11.831,1
6.2443,13.471,1
2.0705,4.0994,2
-0.61841,7.1842,2
-1.301,5.5485,2
-3.7823,6.3643,2
3.5288,4.789,2
-4.3096,7.0158,2
-3.7079,5.4126,2
-3.0792,4.5087,2
-2.742,3.3172,2
2.7868,4.5395,2
0.089288,9.7623,2
1.5756,5.2272,2
2.1732,3.9031,2
-0.29446,8.2971,2
-0.050618,9.9318,2
-0.69586,6.7421,2
-1.0478,5.5963,2
0.16045,9.5868,2
2.3246,4.3143,2
1.6389,4.0887,2
-1.7889,4.2105,2
-4.195,7.0887,2
2.8496,4.3313,2
-0.81692,6.8102,2
3.5728,4.8718,2
-0.31502,8.5579,2
-0.096541,9.3841,2
-3.0091,4.4676,2
-1.9926,4.489,2
-2.5559,3.9172,2
4.6202,9.2513,2
-1.8721,3.8134,2
-0.40359,7.5595,2
4.3347,7.0729,2
-2.8817,4.6564,2
-4.0881,7.2841,2
4.6367,8.4477,2
3.7427,5.5744,2
4.026,6.4493,2
1.4706,4.8907,2
4.0027,6.1461,2
-3.3588,4.2776,2
3.3523,5.0876,2
-0.048295,9.4141,2
0.67464,6.9106,2
4.0989,6.3943,2
4.2566,6.7069,2
-0.78881,6.957,2
3.6576,5.346,2
-2.782,4.5138,2
2.4231,4.1527,2
3.6547,6.139,2
1.9769,4.6483,2
2.6748,4.4855,2
0.8856,6.9137,2
-2.0013,4.1292,2
-1.4043,4.6976,2
1.1402,5.3752,2
-0.81285,6.8352,2
3.2533,4.0581,2
-3.6717,5.3957,2
4.8264,9.2066,2
4.9273,9.8832,2
2.856,4.0135,2
-1.4871,4.8882,2
-4.2916,6.7022,2
-4.9544,9.6659,2
1.8238,4.8634,2
-2.4013,4.174,2
-4.2481,7.4415,2
3.1728,4.7392,2
-4.5269,7.852,2
-4.051,5.8606,2
-0.35826,8.0969,2
0.99028,6.6915,2
-4.1244,6.6205,2
-0.53921,7.766,2
-0.14137,9.7161,2
4.6349,9.0973,2
1.4842,5.4087,2
0.039374,10.009,2
0.2387,9.4659,2
0.36191,8.5261,2
3.7355,5.3783,2
-0.60192,7.0545,2
-0.89964,6.9708,2
1.9553,4.0273,2
2.7663,3.7131,2
3.8604,5.7253,2
-2.0694,3.9004,2
1.2854,5.1098,2
3.8031,5.9549,2
-4.2965,7.3273,2
3.7266,5.4202,2
3.6766,4.9605,2
4.9395,9.9969,2
3.4041,4.8054,2
-3.134,4.9454,2
2.367,4.331,2
1.04,6.3159,2
3.8122,5.934,2
-3.6148,5.2365,2
-1.5665,5.3555,2
0.18904,9.5487,2
-0.23331,9.5067,2
-3.9719,6.0177,2
-0.47339,8.3003,2
2.9471,4.2643,2
4.8408,9.7994,2
1.4774,4.6864,2
-0.57686,7.7741,2
-3.8841,6.3149,2
-2.6076,3.1725,2
-3.6685,5.0618,2
-1.9942,4.3146,2
-4.6154,8.8521,2
3.4773,5.7244,2
-0.19644,9.5402,2
3.9074,6.2225,2
0.85239,5.8359,2
-1.6935,4.9386,2
-0.4268,7.7286,2
-4.6441,8.6101,2
3.0578,4.173,2
-3.4055,4.4538,2
-1.8448,3.7258,2
0.59818,8.1938,2
1.7815,4.3346,2
-0.17534,9.0439,2
-3.0791,3.4536,2
2.6019,3.7476,2
0.68688,7.2365,2
2.0987,4.6853,2
1.1207,5.245,2
3.9638,6.6054,2
3.6827,5.2524,2
1.6774,3.8205,2
0.71184,6.3906,2
1.4038,5.3251,2
2.1727,4.0533,2
-4.5608,7.3834,2
3.088,4.1935,2
0.94659,6.0129,2
-3.3483,4.8447,2
-2.8022,4.2848,2
-3.5045,4.8165,2
0.5051,8.1736,2
-2.7179,3.9969,2
1.6855,4.4098,2
4.3051,7.3121,2
4.2658,7.0311,2
2.6609,4.1533,2
-3.8696,6.1845,2
-3.3633,4.6561,2
4.6048,8.2123,2
-0.52219,7.8692,2
1.5374,4.5615,2
2.366,4.3182,2
0.80551,7.1352,2
-3.1225,4.5063,2
-4.1265,6.5564,2
3.0665,4.5566,2
-3.9515,7.5679,2
-0.78488,7.0176,2
-1.6301,4.2163,2
-3.895,5.8372,2
-1.1154,5.8185,2
-4.9677,10.386,2
0.84526,6.6323,2
-1.7262,3.9009,2
-3.0902,4.2698,2
-0.79415,6.9067,2
-3.4631,3.8635,2
-3.1337,3.4198,2
3.0732,4.107,2
2.464,3.9071,2
-4.1509,6.1427,2
-4.4236,7.2997,2
0.99464,6.8348,2
3.9025,6.3273,2
0.97909,5.9871,2
1.0801,5.7558,2
-2.6147,4.1571,2
1.334,5.5608,2
4.1473,6.7764,2
-3.5192,4.877,2
2.4835,4.619,2
-4.6556,8.3221,2
0.20812,9.1594,2
4.2865,6.971,2
-3.7125,5.398,2
-2.959,3.2012,2
1.3105,5.0576,2
4.4163,7.6052,2
2.8531,3.5839,2
-2.3299,3.8185,2
-2.191,4.4849,2
3.2736,4.4426,2
1.4232,4.7771,2
3.3806,4.9159,2
1.5622,5.598,2
-1.7069,4.6272,2
-3.2122,4.0033,2
1.2704,5.5037,2
1.196,5.6463,2
-4.5429,7.7392,2
-0.3093,8.7076,2
2.3416,4.1918,2
2.0462,4.7208,2
4.085,6.8465,2
0.11527,9.5857,2
-3.8827,5.1904,2
1.393,5.1228,2
-2.1481,4.3344,2
1.8331,4.7541,2
2.7547,4.8791,2
3.7718,5.289,2
-3.6685,5.3501,2
7.85e-05,10.112,2
-2.6062,3.4899,2
-4.9317,10.388,2
3.758,5.5071,2
4.3514,8.0911,2
4.4041,7.5049,2
-1.9681,4.4973,2
1.5801,5.0991,2
3.6283,4.3278,2
-1.9502,4.2217,2
2.2587,3.9,2
2.993,4.0448,2
2.4861,3.3256,2
-0.28103,8.7682,2
-0.15182,9.9255,2
3.5491,5.6905,2
0.20895,9.0745,2
-3.4088,4.7685,2
-1.476,4.6616,2
3.8781,4.6836,2
3.547,5.2191,2
0.12896,10.384,2
1.4259,5.0467,2
-3.862,6.1653,2
4.2245,6.8784,2
-3.9269,6.5207,2
-2.75,4.3143,2
0.72455,7.3462,2
-1.4849,5.1549,2
-2.6855,4.0527,2
-2.0665,4.5052,2
-2.4116,4.8483,2
-4.4893,7.8348,2
1.0856,6.1647,2
3.6705,5.3726,2
0.92431,6.2071,2
-2.2185,4.1321,2
2.5329,3.9721,2
-3.7651,5.3507,2
-2.3756,3.4913,2
2.8237,3.7965,2
-3.865,5.6387,2
-1.0142,6.135,2
-2.2747,4.1875,2
1.7456,4.2127,2
0.038441,9.4656,2
0.48347,7.9754,2
0.067663,9.3835,2
1.3824,5.1087,2
0.047382,9.2715,2
0.68986,7.4153,2
-3.3875,4.998,2
4.3,6.9599,2
4.2976,6.6485,2
0.11929,10.158,2
3.7911,5.6937,2
0.29246,8.8823,2
-2.7302,4.0883,2
-0.28384,9.0431,2
3.3109,4.4522,2
-4.3369,7.6492,2
4.9327,10.012,2
-1.1181,5.2304,2
-0.80367,6.6271,2
-1.0893,5.8721,2
-4.5203,8.132,2
2.7104,4.9909,2
2.6848,3.5655,2
-4.1547,6.9044,2
0.42175,7.9584,2
-4.7161,8.5125,2
-2.8867,4.4074,2
-1.8249,4.3726,2
-3.8479,5.4043,2
1.847,4.1066,2
1.9359,4.5121,2
-3.8526,5.9728,2
-3.3471,4.8023,2
-4.2081,6.5499,2
-4.7581,8.5371,2
1.2106,5.243,2
-4.9732,9.9806,2
-0.054681,10.379,2
-4.3305,7.3012,2
-1.3801,4.8843,2
-3.4533,5.7183,2
-4.7647,8.9899,2
-4.242,7.3883,2
-0.16847,9.5988,2
-4.8595,10.374,2
1.7727,4.153,2
4.3706,7.3458,2
4.3261,7.5626,2
-0.40377,8.4122,2
2.2217,4.2674,2
4.2731,6.7917,2
-1.9308,4.2431,2
4.4806,8.3167,2
2.6416,4.2534,2
-4.6414,8.9921,2
4.0198,6.035,2
3.3318,4.4553,2
3.6279,5.77,2
-4.7875,9.4117,2
-3.1832,4.5223,2
3.2448,4.5011,2
2.4619,3.1605,2
1.0311,5.8386,2
4.1411,5.8614,2
0.47124,8.1863,2
-1.6118,4.6543,2
4.1277,7.1841,2
1.2384,5.9392,2
0.47605,8.2284,2
-4.7298,8.8863,2
2.9282,4.1661,2
-3.729,5.195,2
-3.8739,6.1304,2
-4.2028,7.2317,2
0.81182,7.0032,2
-2.8201,3.9711,2
1.5157,4.3947,2
-4.3615,7.5316,2
-4.2868,8.0394,2
-0.77696,6.1961,2
1.8787,4.4658,2
0.19377,9.5499,2
-2.665,4.0463,2
0.29989,9.0333,2
-0.69734,7.3338,2
1.7303,4.9224,2
-3.1349,3.6389,2
-3.6863,5.1012,2
-2.0333,4.9394,2
2.9518,4.373,2
4.6873,8.5582,2
-2.8596,3.9277,2
4.9214,9.715,2
-1.0778,5.9016,2
-0.96102,6.7021,2
-3.5445,4.5172,2
4.8912,9.9199,2
-2.3989,3.5251,2
-1.7411,4.6317,2
-3.4039,4.9378,2
0.56758,8.2163,2
1.4321,4.9587,2
-1.15,5.0238,2
-0.80619,7.0161,2
-1.9276,4.1539,2
2.8035,3.0814,2
0.36929,9.5523,2
3.099,4.3183,2
1.8297,5.108,2
-0.58716,7.7534,2
-2.3052,4.1464,2
1.8639,4.3376,2
2.0023,3.7347,2
0.45301,8.0825,2
3.0536,4.7954,2
-0.72905,6.8203,2
3.7743,5.866,2
4.5976,7.7987,2
3.4689,4.9373,2
0.55009,7.9667,2
-2.0029,4.2688,2
0.49384,8.7464,2
1.7168,5.1705,2
-4.2282,6.9893,2
3.4495,5.2274,2
-1.7344,4.9397,2
-1.9583,4.5854,2
-1.5362,5.0737,2
-2.8107,4.401,2
3.7012,5.2932,2
-2.531,4.416,2
4.6936,8.7581,2
0.29798,8.7849,2
-0.023957,9.8253,2
2.7579,3.9163,2
1.4365,5.0184,2
-2.2638,4.5281,2
-0.4086,7.549,2
-1.9601,4.1742,2
4.6031,8.7893,2
0.58642,7.2561,2
2.7593,4.0377,2
3.1065,4.7143,2
0.20774,9.839,2
3.5148,5.2698,2
-0.65995,7.1631,2
0.13659,9.0599,2
-3.2218,3.9367,2
-4.539,8.2926,2
-1.8166,4.4471,2
-1.128,6.6431,2
-4.1854,6.3823,2
4.763,8.9001,2
-1.1693,6.1486,2
-3.3732,4.2413,2
-4.3414,7.087,2
0.75241,6.956,2
0.30591,8.339,2
-1.0488,6.0645,2
1.5413,5.2689,2
-3.3854,4.5746,2
4.1925,6.6495,2
-1.3841,5.188,2
2.0478,3.5715,2
3.7674,6.8204,2
-3.7606,6.0952,2
4.3133,7.2632,2
-0.98137,6.9324,2
-3.4185,4.3655,2
3.2831,4.7687,2
1.7116,4.9284,2
-4.8344,9.0506,2
-1.5229,4.5491,2
1.4001,4.3182,2
-0.46101,7.9681,2
3.51,4.9727,2
-3.8121,6.231,2
1.0798,5.9765,2
-2.1462,4.6313,2
-2.6383,3.9888,2
1.5492,4.7353,2
3.4332,4.5779,2
3.0866,4.8296,2
-3.7337,5.564,2
4.325,7.1287,2
1.8777,4.9619,2
4.3705,7.6563,2
1.5749,4.7759,2
-2.5884,4.1995,2
-2.2174,3.6308,2
4.0185,6.28,2
2.901,5.023,2
2.7201,4.0265,2
2.7352,4.2326,2
4.2588,7.0341,2
-4.0518,6.5231,2
-0.63479,8.0735,2
4.902,8.8676,2
1.7111,4.7858,2
-0.53848,6.9825,2
-0.50958,8.2178,2
4.964,10.611,2
-0.38991,9.2115,2
3.0045,4.5203,2
-0.66988,6.7667,2
-0.36442,9.08,2
0.84464,5.9522,2
0.78144,7.6347,2
-2.978,4.4371,2
0.21187,9.3153,2
-4.6174,8.2979,2
0.38815,8.5011,2
2.8648,3.8179,2
0.41608,8.5288,2
4.716,9.3961,2
-1.4135,5.4641,2
-2.4485,4.1339,2
-0.40466,8.0854,2
-1.6338,4.5026,2
4.4747,8.301,2
0.33286,8.7364,2
2.9868,5.0556,2
1.1468,5.6943,2
-2.8019,3.5178,2
-2.3654,3.3357,2
1.9443,4.2717,2
-0.31151,8.6827,2
-0.24173,9.1414,2
2.1855,4.7904,2
-1.1537,5.2111,2
2.5827,3.9875,2
1.1783,5.8458,2
-4.1018,6.3066,2
4.6837,9.0689,2
2.144,3.8257,2
4.3209,6.9328,2
-2.3955,4.0067,2
-1.712,4.5946,2
4.6712,8.088,2
3.96,5.5811,2
-3.5995,5.075,2
4.744,9.6101,2
-4.9245,9.6136,2
0.87862,6.4859,2
-2.7112,4.1958,2
3.4823,4.8464,2
-4.8965,10.294,2
-3.0285,4.2263,2
-2.843,4.397,2
-0.32325,8.1648,2
3.664,4.6278,2
-4.5304,8.5459,2
-1.6608,4.5908,2
0.94688,5.9532,2
0.93279,6.7162,2
-1.8114,4.311,2
0.48805,8.727,2
1.4189,4.1197,2
1.7798,4.0977,2
-2.7001,4.5472,2
2.9174,4.0681,2
-3.8937,5.7876,2
-3.191,4.0013,2
-3.6635,5.2431,2
-3.7641,5.1025,2
-0.74083,7.3664,2
0.26422,9.9393,2
2.0899,3.6844,2
-3.2036,4.1229,2
3.0829,4.0313,2
1.014,5.9727,2
0.47749,8.3179,2
2.6836,4.6045,2
3.3521,4.8381,2
2.0809,4.0266,2
0.73996,7.0478,2
-1.848,4.4502,2
4.1554,6.7087,2
4.4966,7.774,2
-0.12326,9.3816,2
3.3022,3.6677,2
1.8978,4.1649,2
3.1339,4.8403,2
2.9453,3.7295,2
3.6318,4.7493,2
-1.7305,5.1703,2
-1.7208,4.3807,2
-3.347,4.5133,2
2.0055,4.2383,2
-2.3369,3.7458,2
0.4123,8.6602,2
4.5989,8.0322,2
2.6359,3.9908,2
4.6205,8.4098,2
-2.9398,3.9754,2
-2.0915,4.0221,2
3.6423,4.9854,2
-0.13177,10.14,2
-0.063622,10.27,2
-1.0782,5.7564,2
-3.8349,5.7157,2
3.2895,3.8534,2
-1.7596,4.5089,2
-2.0261,3.7956,2
1.2894,5.763,2
-4.1179,6.2774,2
1.7351,5.128,2
-3.1021,4.2982,2
1.5414,4.7406,2
1.4824,5.1725,2
2.5274,3.9255,2
1.1824,5.8716,2
0.56444,7.9118,2
0.73343,7.0757,2
3.7971,5.928,2
-1.3073,5.6049,2
2.816,3.8786,2
4.5855,8.2227,2
-3.7906,5.7369,2
3.0941,4.4362,2
-1.6748,5.2632,2
-1.7996,4.38,2
2.1059,4.5211,2
3.01,4.1452,2
-1.3454,5.0017,2
2.8996,4.0302,2
4.6111,8.7852,2
1.9501,4.0463,2
0.80938,6.6864,2
-4.1335,7.2889,2
0.75733,7.6129,2
-4.4685,7.844,2
-1.0273,6.3955,2
4.8993,9.2716,2
2.4724,4.0499,2
4.6483,9.1285,2
-3.6478,4.9145,2
-1.6256,4.5618,2
2.4482,3.3916,2
-3.7506,5.4746,2
-2.346,4.4915,2
-3.6856,4.8336,2
2.343,3.9771,2
0.41185,8.3146,2
3.9561,5.412,2
1.9609,3.8131,2
1.4644,5.3184,2
-0.77096,6.453,2
0.25484,9.1031,2
3.899,6.7652,2
3.5533,4.5889,2
-4.8731,9.2284,2
2.8071,4.4531,2
-0.91785,6.8954,2
-0.45395,8.8025,2
-0.36776,8.2029,2
3.3285,4.9394,2
4.4383,7.7419,2
0.24823,8.4496,2
-1.2713,5.582,2
3.317,3.6202,2
0.3877,9.2124,2
-3.241,5.306,2
1.7874,4.626,2
-1.9956,4.0861,2
2.5719,3.7898,2
4.5141,8.0574,2
1.8162,4.4588,2
-0.075809,10.244,2
2.8837,4.4264,2
2.4935,4.1969,2
-0.75847,6.8574,2
-0.00093826,9.5723,2
-3.6972,5.6368,2
-1.6915,5.0685,2
-1.9777,4.6745,2
-1.1213,6.7621,2
4.3208,6.0224,2
-3.228,4.8484,2
-4.7928,9.2978,2
3.9419,5.6741,2
-4.9086,9.1215,2
-2.2029,3.9043,2
-3.7652,5.2484,2
-1.2752,4.7926,2
3.1272,4.331,2
1.473,4.5332,2
-1.1606,5.3587,2
-4.1604,6.5989,2
3.7525,5.4915,2
-0.71978,7.3901,2
3.0315,4.5625,2
-1.9126,4.0621,2
2.8124,4.4526,2
-4.9831,9.8782,2
0.15301,9.5189,2
-2.7457,4.153,2
-4.0571,6.9301,2
4.1478,6.4315,2
1.5296,4.9836,2
1.6772,4.58,2
3.1974,3.8,2
2.0648,4.3812,2
-4.7492,9.5543,2
2.1376,3.6732,2
4.1565,7.4225,2
-3.8889,5.8425,2
1.1352,5.5961,2
-2.2856,3.9275,2
-4.393,7.5072,2
1.2497,5.6887,2
4.3607,7.7438,2
-1.6527,4.7106,2
0.48224,8.1396,2
1.8431,3.5156,2
-4.227,7.3051,2
1.342,6.2364,2
0.53832,8.3436,2
4.643,8.3552,2
-1.9152,4.4523,2
-3.4312,4.4752,2
0.36204,7.5909,2
-0.98833,6.9712,2
-2.6613,3.5405,2
-3.8677,5.5913,2
1.4873,5.2215,2
-4.1484,6.8962,2
0.2453,9.2754,2
-1.341,6.0941,2
0.4421,7.6249,2
-4.6275,8.5067,2
3.8847,5.1856,2
4.0395,6.4205,2
-1.6116,5.1786,2
-2.0988,4.1677,2
1.8581,4.4103,2
3.5274,5.0911,2
-3.9234,5.76,2
3.4186,5.0161,2
-3.6967,5.416,2
1.5868,4.7594,2
-3.737,5.5547,2
1.0223,6.3847,2
4.2236,7.439,2
1.4709,4.8978,2
0.84914,6.4704,2
-3.0886,4.7538,2
-3.9435,6.3721,2
4.332,6.6571,2
4.2355,6.9313,2
-0.21142,9.1658,2
-1.8015,4.5395,2
0.37757,7.8386,2
4.4611,6.8726,2
-3.0909,4.3152,2
4.4539,7.5047,2
0.46444,8.1439,2
-3.5467,4.9586,2
4.9336,9.953,2
-4.5263,8.2403,2
-2.8843,4.2279,2
0.55589,7.0665,2
0.76405,7.1534,2
-0.70209,7.4076,2
-2.8845,4.5414,2
4.5871,8.6085,2
1.7285,3.6794,2
0.58296,8.4196,2
3.4764,4.8162,2
3.0989,4.2398,2
4.9221,9.3044,2
-3.424,4.4289,2
4.8331,9.4687,2
-0.050931,10.124,2
-2.7295,4.3988,2
-4.9618,9.3246,2
-1.4002,4.9137,2
-3.0881,4.3017,2
4.5628,7.907,2
-0.35309,8.2431,2
1.3253,5.4817,2
-4.9962,10.378,2
-2.5252,3.9723,2
2.9166,4.2795,2
-3.0446,4.7274,2
0.8821,6.8009,2
0.12055,10.378,2
-4.1518,6.7821,2
-1.2241,5.761,2
3.8634,5.0212,2
3.2599,5.2095,2
1.7849,4.4918,2
1.0786,6.5243,2
4.419,7.8695,2
-4.4854,8.4837,2
-4.6145,8.8003,2
1.3355,4.9264,2
4.2577,7.0984,2
3.5759,4.8348,2
0.2884,8.6904,2
-2.7161,5.252,2
-2.2969,4.5439,2
1.3938,6.2759,2
4.2406,6.961,2
-3.6804,5.1709,2
-4.0442,6.1978,2
-3.8928,5.4524,2
-1.6155,4.8485,2
2.7361,4.5691,2
1.7893,4.615,2
-2.9959,4.7443,2
-3.7928,6.0093,2
-1.3385,5.425,2
1.0899,6.6423,2
4.3008,7.1789,2
0.55615,8.3635,2
0.25686,8.4591,2
1.2683,4.7113,2
0.31472,8.5673,2
1.9002,4.0772,2
-0.411,9.4115,2
1.2238,4.7943,2
0.12674,9.6922,2
-4.8818,9.007,2
-3.7564,5.1619,2
-0.39715,8.3939,2
-0.36155,9.0572,2
-0.87053,6.7085,2
-4.5234,8.3872,2
-1.5213,5.6244,2
2.7475,3.9787,2
3.7151,5.3117,2
-2.4682,4.4367,2
-1.0277,5.7434,2
-0.15417,9.1634,2
-1.1482,5.5997,2
-1.9727,4.3056,2
1.1006,5.9146,2
1.6448,4.8703,2
-1.4113,4.7877,2
0.37022,8.312,2
-4.2709,7.084,2
-0.46822,7.85,2
-0.83431,7.1908,2
-4.815,9.2995,2
-1.2433,5.6441,2
2.603,3.6342,2
-3.5423,4.9587,2
-4.9925,10.164,2
3.3119,5.355,2
3.736,5.6006,2
-3.99,6.391,2
0.027362,10.226,2
2.55,4.3223,2
4.7152,8.4459,2
3.2756,5.1905,2
-2.3738,3.9539,2
2.2854,4.706,2
0.48015,8.3475,2
-4.6708,9.1386,2
-4.7052,9.4374,2
0.10001,9.9432,2
3.7852,6.0904,2
3.5768,5.5619,2
-3.7122,5.0218,2
-4.643,8.5279,2
-0.95321,6.1237,2
-1.1468,5.7925,2
2.8217,4.5088,2
2.4191,4.4261,2
-3.1156,4.1232,2
4.1725,6.5162,2
-1.7132,5.0542,2
3.8953,6.3988,2
-4.6882,8.7374,2
-0.35655,9.1737,2
4.754,8.9621,2
1.478,5.5823,2
-4.022,6.7365,2
3.4621,4.9603,2
-2.6038,4.2298,2
-0.14841,9.7813,2
-2.8329,4.6076,2
-3.797,5.8867,2
-1.8733,4.8827,2
-2.1052,3.9315,2
-4.1006,6.367,2
0.94093,7.006,2
-1.0951,6.5068,2
3.2343,4.9966,2
-1.0502,5.9534,2
4.2519,6.5331,2
0.75548,7.3403,2
-1.3823,5.6278,2
-1.9082,4.2542,2
3.5298,5.5094,2
-4.7599,8.6563,2
0.11083,10.118,2
3.4836,5.2983,2
-2.2549,4.787,2
0.021387,10.34,2
-3.7017,5.2049,2
-0.38223,8.214,2
-4.566,8.3498,2
-0.047592,10.009,2
1.9942,4.4326,2
-2.3522,3.7046,2
0.96119,5.9813,2
-0.18522,10.372,2
0.49697,7.8761,2
4.2583,6.6959,2
-1.2369,5.6159,2
-3.9694,6.2398,2
4.8793,9.9111,2
3.8134,5.6087,2
-2.6785,4.2632,2
-0.97516,6.6682,2
4.8569,10.019,2
4.2991,7.382,2
1.0818,5.8084,2
-0.2662,8.6733,2
-4.7549,8.6018,2
-2.3925,4.0093,2
0.33461,8.847,2
-2.1807,3.9658,2
1.033,6.1721,2
2.4588,3.1982,2
2.3385,4.2895,2
-2.2267,4.0142,2
-3.0383,3.9703,2
4.957,10.847,2
4.1155,6.705,2
-3.943,5.9526,2
-3.1146,4.2806,2
2.3636,4.5121,2
1.6014,4.8416,2
-2.9879,4.0686,2
1.9488,4.7403,2
-2.3828,3.867,2
4.4456,8.0916,2
0.045388,10.324,2
1.9694,4.7707,2
4.6148,8.4643,2
-3.0664,5.0169,2
-2.9683,4.6346,2
2.8706,3.468,2
0.43296,8.7834,2
0.35899,9.0209,2
-1.3384,5.5094,2
4.4307,8.0374,2
-1.2328,4.7904,2
4.1157,6.4864,2
4.4803,7.5485,2
-0.35393,8.6597,2
-1.5793,4.5923,2
-4.0295,6.4145,2
1.07,5.0373,2
2.9319,4.2421,2
-4.4316,7.967,2
-1.1993,5.9721,2
4.4043,7.9308,2
0.33644,9.4001,2
-4.3087,6.6884,2
0.26248,9.3044,2
-2.024,3.7983,2
-0.69801,7.4627,2
3.2076,4.4177,2
1.0073,5.3672,2
2.6427,3.8737,2
4.7009,9.1188,2
-4.1551,6.3806,2
1.2089,5.7199,2
3.223,3.788,2
-0.80952,6.5189,2
0.18467,9.097,2
4.6243,8.5132,2
3.4425,4.5837,2
1.8357,4.3459,2
-0.032083,11.121,2
-3.9021,5.9033,2
-2.3209,3.8475,2
-2.9085,4.4339,2
3.789,5.946,2
-0.82354,6.7995,2
4.4313,7.1713,2
1.3041,5.92,2
-1.3825,5.0943,2
-0.68172,7.631,2
-2.3428,3.877,2
1.9078,4.5811,2
-0.48527,8.2381,2
-2.4727,4.144,2
1.7538,4.9967,2
-2.798,4.0587,2
3.2353,4.4322,2
-2.1994,4.2672,2
-1.802,3.8912,2
2.7978,4.3206,2
1.4178,5.3429,2
1.1519,6.21,2
0.32561,8.8854,2
-1.8974,4.4173,2
-4.1639,6.5383,2
-0.1688,9.8528,2
-2.7927,4.4549,2
-0.18579,9.8808,2
1.8186,4.4517,2
-0.93433,6.1716,2
-3.8096,5.5129,2
-4.0794,6.4853,2
1.783,5.0237,2
0.46932,8.5799,2
-1.7848,4.837,2
1.3647,5.1869,2
-4.2547,7.0313,2
-4.0098,6.1462,2
-4.6489,8.6574,2
4.3511,7.384,2
1.5777,4.3544,2
0.20455,9.2343,2
-4.5008,8.4585,2
-3.0364,4.3925,2
1.6572,4.7969,2
0.36619,8.685,2
-1.0334,5.1672,2
-4.9209,9.5208,2
-2.5063,3.5307,2
-3.4739,5.081,2
-4.5764,8.2776,2
-4.904,10.153,2
-2.8892,3.8477,2
-0.5719,8.0228,2
-2.1055,3.8269,2
-0.42728,8.5773,2
-2.0575,3.5163,2
-3.6721,5.676,2
3.8513,5.5212,2
2.8855,3.8448,2
-1.2462,5.6693,2
3.3621,4.0995,2
-1.7086,4.1072,2
-0.80754,6.7113,2
3.0516,4.6561,2
-3.4206,4.539,2
0.099718,10.171,2
-0.58274,7.9935,2
-0.59998,7.5169,2
2.3056,4.5639,2
0.26028,9.5309,2
3.1746,4.0434,2
4.6411,8.2133,2
-3.554,4.5406,2
-0.14616,9.83,2
2.1712,3.5332,2
-0.65997,7.0383,2
2.8429,3.6544,2
0.99674,6.3403,2
4.9014,9.7863,2
4.2112,7.5659,2
-4.599,8.4408,2
1.1665,6.4366,2
1.6793,4.4159,2
-0.035155,9.7226,2
3.7708,5.2342,2
1.0968,6.7314,2
2.862,4.5189,2
-3.1553,4.6453,2
3.601,5.1733,2
-3.8546,5.6777,2
-3.143,4.2902,2
2.6113,3.8968,2
-4.2431,6.8086,2
4.1097,6.9673,2
-0.94805,6.5044,2
2.1935,3.8972,2
3.2318,4.2752,2
-2.7103,3.8681,2
-1.0171,6.0329,2
3.7605,5.9415,2
-2.085,3.764,2
-0.058322,10.955,2
2.0085,4.6618,2
-1.9538,3.5281,2
2.9439,4.6298,2
2.0492,4.8246,2
-0.85663,6.3063,2
-3.9245,6.4629,2
-2.0534,3.6675,2
-1.61,4.987,2
0.47366,7.9648,2
2.9187,4.1794,2
-3.3023,4.8945,2
-0.145,9.1953,2
3.841,5.2991,2
-3.5577,5.0139,2
3.8781,6.0663,2
2.9285,4.0055,2
-2.1005,4.3146,2
0.15031,9.4336,2
-4.877,9.2098,2
0.71732,7.8276,2
-2.3003,3.6415,2
-2.1362,4.7271,2
-4.1273,6.421,2
0.4197,8.2012,2
3.5024,5.7657,2
-1.8694,4.1648,2
1.7617,4.1053,2
3.1913,4.4356,2
4.4648,7.4672,2
-1.9796,4.509,2
-4.9979,10.987,2
-2.788,4.3108,2
-4.6732,8.4381,2
3.4259,4.3409,2
3.9716,6.3587,2
2.9165,4.3032,2
-4.0056,6.4151,2
0.34504,8.6591,2
-4.4216,7.863,2
-1.2784,5.772,2
-3.1618,4.6917,2
1.3898,4.46,2
2.2315,4.7119,2
-4.2213,6.8318,2
4.8201,9.9431,2
2.6804,4.15,2
2.6057,4.3043,2
0.90065,6.8757,2
-4.5666,8.562,2
4.8736,9.9334,2
0.77674,6.5244,2
3.9981,5.6763,2
-1.3093,6.0907,2
-1.9941,4.5916,2
4.1478,6.3133,2
-2.2417,4.467,2
1.7892,4.8062,2
-4.1188,5.5997,2
-4.218,6.7225,2
-0.46235,7.1627,2
-4.921,10.25,2
-4.6218,8.6015,2
-4.9866,9.7339,2
-3.2425,4.4607,2
-0.23683,9.0528,2
-0.90347,6.5646,2
4.6301,7.9113,2
-1.0586,6.3819,2
4.1897,6.4439,2
-1.3525e-05,10.428,2
-4.9353,10.164,2
4.3458,6.8916,2
1.2891,5.6235,2
-3.781,6.1499,2
-2.5265,4.3017,2
-0.6404,7.2168,2
-3.6196,5.0734,2
-1.7577,4.4479,2
3.8258,5.443,2
-3.0296,3.6322,2
3.5414,5.6188,2
1.9367,4.0673,2
2.6806,3.9668,2
4.9347,9.6572,2
0.32766,8.4004,2
-2.2579,4.2922,2
0.0566,10.291,2
1.7778,4.5403,2
-0.10786,9.6087,2
0.69993,7.9105,2
2.7576,3.8465,2
-4.3489,7.3846,2
2.6301,4.723,2
2.4839,4.06,2
4.0082,6.0001,2
-2.9451,3.7581,2
-1.1389,5.972,2
0.77428,7.3414,2
-3.7836,5.6574,2
-2.8348,3.7869,2
0.066082,10.47,2
3.9498,6.1532,2
-0.56609,7.6813,2
2.1798,4.4959,2
-3.0935,5.1992,2
-4.699,7.9719,2
-4.5189,8.1477,2
-2.5816,3.5626,2
-0.32719,9.0125,2
-4.7448,9.3801,2
-4.8157,8.9739,2
0.94363,6.5325,2
-2.3189,3.7441,2
-2.947,4.46,2
4.6319,8.5508,2
4.7538,9.8073,2
2.0497,4.1494,2
-4.4413,7.4622,2
3.6198,5.6448,2
-4.4501,7.3792,2
-3.2854,4.6298,2
-2.8308,4.7776,2
4.0531,5.9249,2
1.816,4.8164,2
-4.8287,9.5433,2
0.19615,8.6625,2
3.3985,4.8425,2
-0.094374,10.412,2
4.1339,7.0767,2
3.7295,5.1024,2
-3.64,4.915,2
4.2798,7.1796,2
4.8474,9.0985,2
-2.9673,4.0682,2
-1.8088,4.2902,2
-0.90786,6.3448,2
4.4458,7.1528,2
-1.969,3.5548,2
0.35223,9.334,2
0.26096,8.3842,2
-1.8509,4.2986,2
-2.5887,4.259,2
-1.3172,5.6903,2
3.4312,4.2341,2
-2.9471,3.6669,2
-3.2233,2.9718,2
-1.022,6.0138,2
-2.0127,3.4468,2
2.1904,4.6854,2
2.3816,4.646,2
0.88883,6.3971,2
-4.2154,7.3872,2
3.0021,4.6363,2
4.0737,6.233,2
2.5962,4.3405,2
4.3011,6.0363,2
-0.43706,8.0981,2
-4.9744,10.389,2
-0.28969,9.2672,2
-1.3217,4.7051,2
-1.3375,5.5673,2
-3.3859,5.0334,2
-1.0107,5.4945,2
0.081064,9.5041,2
-0.59756,7.6051,2
0.34433,8.7711,2
-3.4376,5.0982,2
3.0048,3.7548,2
-4.4479,7.9645,2
0.50724,8.3293,2
0.67194,7.8525,2
-1.3419,5.4601,2
0.11003,9.7261,2
4.2869,6.9311,2
1.1188,6.4661,2
1.023,5.9941,2
-1.6218,4.2195,2
3.5345,5.0956,2
3.3012,4.8503,2
-0.46132,7.6457,2
-0.92585,5.7284,2
3.8679,5.8445,2
0.30613,9.0121,2
4.2326,7.4819,2
-3.6719,4.8472,2
-2.321,3.5808,2
-3.5473,5.6327,2
4.23,6.5926,2
2.2715,4.0408,2
-0.61118,6.6966,2
4.9095,9.1302,2
-1.1321,6.927,2
-2.0843,4.7262,2
-3.2247,4.5125,2
3.6629,5.5866,2
-4.8451,9.4706,2
-4.1389,7.0397,2
-0.22772,9.8159,2
1.783,5.2271,2
-2.5303,3.9335,2
-3.8851,5.5197,2
-3.0545,3.9787,2
-4.9284,9.7868,2
2.4649,4.2854,2
-3.7581,5.0021,2
-1.6299,4.155,2
